6.776127993528761051e-01 1.951827909745667569e+02
7.272727272727270709e-01 1.963550389944726362e+02
7.272727272727270709e-01 1.958720654180954739e+02
6.776127993528761051e-01 1.825873618131114142e+02
6.776127993528761051e-01 1.936540120488361367e+02
6.776127993528761051e-01 1.953826045066656150e+02
5.596376122386470531e-01 1.670425385574683332e+02
5.596376122386470531e-01 1.661655509565963769e+02
6.345250117407990054e-01 1.876273008794748023e+02
5.247142402532050109e-01 1.878689444783404383e+02
6.345250117407990054e-01 1.928323156554683919e+02
6.776127993528761051e-01 1.874613821182774700e+02
7.272727272727270709e-01 1.817053419888466408e+02
7.272727272727270709e-01 1.933931521347750504e+02
6.776127993528761051e-01 1.877516876035396649e+02
7.272727272727270709e-01 1.972655174379146956e+02
7.272727272727270709e-01 1.957196924763313461e+02
7.272727272727270709e-01 1.876359950335054236e+02
7.272727272727270709e-01 1.897463907271044263e+02
7.272727272727270709e-01 1.827145116125844311e+02
7.272727272727270709e-01 1.789447009102494235e+02
7.272727272727270709e-01 1.992267183087797378e+02
7.272727272727270709e-01 1.905867470995733015e+02
6.776127993528761051e-01 1.845540270932928877e+02
6.776127993528761051e-01 1.911018269661946078e+02
6.345250117407990054e-01 1.893179367896232748e+02
6.345250117407990054e-01 1.924743114185801289e+02
7.272727272727270709e-01 1.902325190696315360e+02
6.345250117407990054e-01 1.832185270958777323e+02
6.776127993528761051e-01 1.887888578383974050e+02
6.776127993528761051e-01 1.993479652491998309e+02
6.345250117407990054e-01 1.843349922865744475e+02
7.272727272727270709e-01 1.965037153401275418e+02
6.776127993528761051e-01 1.839335500345380581e+02
7.272727272727270709e-01 1.914515807050191256e+02
6.776127993528761051e-01 1.823037329379971254e+02
6.776127993528761051e-01 1.894848687760816119e+02
6.345250117407990054e-01 1.830739573953434274e+02
6.345250117407990054e-01 1.980928576157614316e+02
6.345250117407990054e-01 1.999465138618799074e+02
5.596376122386470531e-01 1.691158258852848633e+02
6.345250117407990054e-01 1.870374387983210909e+02
6.776127993528761051e-01 1.919028721604710768e+02
6.345250117407990054e-01 1.892146409490174790e+02
6.776127993528761051e-01 1.926584782865933221e+02
5.596376122386470531e-01 1.668792391748614818e+02
5.596376122386470531e-01 1.807891524823419616e+02
5.596376122386470531e-01 1.837447823063408521e+02
6.776127993528761051e-01 1.871461119987432085e+02
7.272727272727270709e-01 1.913252860877295802e+02
7.527267830692581096e-01 1.980719531381081993e+02
7.272727272727270709e-01 1.841469945797265666e+02
7.272727272727270709e-01 1.939030414908579587e+02
7.527267830692581096e-01 1.894591605968045087e+02
7.527267830692581096e-01 1.926922485342931282e+02
7.272727272727270709e-01 1.996751425186245115e+02
7.272727272727270709e-01 1.903897930911865615e+02
6.776127993528761051e-01 1.967614683493589780e+02
7.527267830692581096e-01 1.903424875013742508e+02
6.776127993528761051e-01 1.932937612938389123e+02
6.776127993528761051e-01 1.891886923441309705e+02
6.345250117407990054e-01 1.882868841972398570e+02
6.345250117407990054e-01 1.885036373361477899e+02
6.776127993528761051e-01 1.876266368610952782e+02
6.776127993528761051e-01 1.851835188555466232e+02
7.527267830692581096e-01 1.944206091004619452e+02
7.272727272727270709e-01 1.817959657263899373e+02
7.272727272727270709e-01 1.938006495786516723e+02
7.527267830692581096e-01 1.856577740553602780e+02
7.527267830692581096e-01 1.958299148471571129e+02
7.527267830692581096e-01 1.956103313594301483e+02
7.272727272727270709e-01 1.870846930627652966e+02
6.776127993528761051e-01 1.882658469460227479e+02
7.527267830692581096e-01 1.930145033649052948e+02
7.272727272727270709e-01 1.888224847080831523e+02
6.776127993528761051e-01 1.901334063576823894e+02
6.345250117407990054e-01 1.978750392259947262e+02
6.345250117407990054e-01 1.825763667885112227e+02
5.596376122386470531e-01 1.762596591438765472e+02
6.345250117407990054e-01 1.921619702778558292e+02
6.345250117407990054e-01 1.918670647323023672e+02
6.345250117407990054e-01 1.825923140420067909e+02
7.272727272727270709e-01 1.931229014348102737e+02
6.776127993528761051e-01 1.877406845726471545e+02
6.776127993528761051e-01 1.928712766115273212e+02
5.596376122386470531e-01 1.667469960847846551e+02
5.596376122386470531e-01 1.652549058213559192e+02
5.247142402532050109e-01 1.854854898940494650e+02
7.272727272727270709e-01 1.878717350869670781e+02
7.272727272727270709e-01 1.834653278214566114e+02
7.527267830692581096e-01 1.959341653203854889e+02
7.272727272727270709e-01 1.927649248635880781e+02
6.776127993528761051e-01 1.985261142480731849e+02
7.527267830692581096e-01 1.876489497950819612e+02
7.527267830692581096e-01 1.942385902182107600e+02
7.527267830692581096e-01 1.968438191328798439e+02
7.527267830692581096e-01 1.931790311490522640e+02
5.596376122386470531e-01 1.638865755890052469e+02
7.527267830692581096e-01 1.913888804611650585e+02
7.272727272727270709e-01 1.819366536668362073e+02
7.272727272727270709e-01 1.981039177993308158e+02
7.272727272727270709e-01 1.824971886148072144e+02
6.345250117407990054e-01 1.906840080492424363e+02
7.527267830692581096e-01 1.937255672233115149e+02
7.272727272727270709e-01 1.813731944542917347e+02
7.527267830692581096e-01 1.951889198576073454e+02
7.272727272727270709e-01 1.979023887738927954e+02
6.776127993528761051e-01 1.957684317678684351e+02
7.527267830692581096e-01 1.965662827213633079e+02
7.527267830692581096e-01 1.888430380114693037e+02
7.527267830692581096e-01 1.930799839894267791e+02
7.272727272727270709e-01 1.880501740740054402e+02
6.776127993528761051e-01 1.882282172771152773e+02
7.272727272727270709e-01 1.892625932835820777e+02
7.527267830692581096e-01 1.892038804195258876e+02
7.272727272727270709e-01 1.919410634148905785e+02
7.272727272727270709e-01 1.931376372846019649e+02
6.345250117407990054e-01 1.866349284949592402e+02
7.272727272727270709e-01 1.813657560170807415e+02
7.527267830692581096e-01 1.910924406772944906e+02
6.776127993528761051e-01 1.999422156958721075e+02
5.596376122386470531e-01 1.713074744910413472e+02
4.123186902188100134e-01 1.724438689181256450e+02
4.123186902188100134e-01 1.756084554494900942e+02
5.596376122386470531e-01 1.768754913758523912e+02
6.345250117407990054e-01 1.911339102440491615e+02
5.596376122386470531e-01 1.730711612031615232e+02
5.247142402532050109e-01 1.988101587156784262e+02
6.345250117407990054e-01 1.988970191738379185e+02
6.345250117407990054e-01 1.912349978564372179e+02
6.345250117407990054e-01 1.902811993582590162e+02
6.776127993528761051e-01 1.958012537201277610e+02
6.776127993528761051e-01 1.955767347929535163e+02
5.596376122386470531e-01 1.713951684509862901e+02
6.345250117407990054e-01 1.926997523972722774e+02
4.123186902188100134e-01 1.643905151119135155e+02
5.596376122386470531e-01 1.851871588778494129e+02
6.915629322268300461e-02 1.781525548492830922e+02
6.776127993528761051e-01 1.938793902585087778e+02
6.345250117407990054e-01 1.896574511519393411e+02
6.776127993528761051e-01 1.844219692455650659e+02
7.272727272727270709e-01 1.824452899501443142e+02
6.776127993528761051e-01 1.887661932964878986e+02
7.527267830692581096e-01 1.957472729441360002e+02
7.527267830692581096e-01 1.907399120159147969e+02
7.272727272727270709e-01 1.931692857910106227e+02
6.776127993528761051e-01 1.876001775309140953e+02
6.776127993528761051e-01 1.901935918204435438e+02
7.527267830692581096e-01 1.980505356180380829e+02
7.272727272727270709e-01 1.897905234645342603e+02
7.272727272727270709e-01 1.878599421651496755e+02
7.272727272727270709e-01 1.818891886807170977e+02
6.776127993528761051e-01 1.912430555152920704e+02
7.272727272727270709e-01 1.904768367261455921e+02
7.272727272727270709e-01 1.983187805876420384e+02
6.776127993528761051e-01 1.931136781945252494e+02
6.345250117407990054e-01 1.935114423351396624e+02
6.776127993528761051e-01 1.985426430219955876e+02
7.272727272727270709e-01 1.979490650669341960e+02
7.272727272727270709e-01 1.990016664862367861e+02
6.345250117407990054e-01 1.891470155059798515e+02
5.596376122386470531e-01 1.886780732859022010e+02
6.345250117407990054e-01 1.935461304094134505e+02
6.776127993528761051e-01 1.873303195539723447e+02
6.776127993528761051e-01 1.856839854402428216e+02
6.776127993528761051e-01 1.886990368800386477e+02
7.272727272727270709e-01 1.953856515146277388e+02
6.345250117407990054e-01 1.846360465336541097e+02
7.527267830692581096e-01 1.979783347541277863e+02
7.527267830692581096e-01 1.988594073562152005e+02
6.776127993528761051e-01 1.836962748821629532e+02
6.776127993528761051e-01 1.813302363383722877e+02
6.776127993528761051e-01 1.997055870327330922e+02
6.776127993528761051e-01 1.831243835840795100e+02
6.776127993528761051e-01 1.813921388328448927e+02
7.272727272727270709e-01 1.960505209516546756e+02
6.776127993528761051e-01 1.935353385061953304e+02
6.776127993528761051e-01 1.994274978021778679e+02
6.776127993528761051e-01 1.980048545573844194e+02
6.345250117407990054e-01 1.963970574124420239e+02
5.596376122386470531e-01 1.642895038585913312e+02
6.776127993528761051e-01 1.922061384171325358e+02
6.345250117407990054e-01 1.889327924076076783e+02
7.272727272727270709e-01 1.818942182817755793e+02
6.776127993528761051e-01 1.861431756379704439e+02
7.272727272727270709e-01 1.991541907798866760e+02
6.345250117407990054e-01 1.900580528642566094e+02
6.776127993528761051e-01 1.825424882921848848e+02
7.272727272727270709e-01 1.923239300351615952e+02
6.776127993528761051e-01 1.832922456638083872e+02
7.272727272727270709e-01 1.944669788034285602e+02
6.345250117407990054e-01 1.893930532979476027e+02
6.776127993528761051e-01 1.919733587071092415e+02
5.596376122386470531e-01 1.649412425761692873e+02
5.596376122386470531e-01 1.844561275870651684e+02
5.596376122386470531e-01 1.692079962048335631e+02
5.596376122386470531e-01 1.676771047932976160e+02
6.345250117407990054e-01 1.923783406235274924e+02
6.776127993528761051e-01 1.844883697932227449e+02
6.776127993528761051e-01 1.946144544322515344e+02
6.776127993528761051e-01 1.969555859745447037e+02
6.776127993528761051e-01 1.835104778553037761e+02
6.776127993528761051e-01 1.904388518851105800e+02
6.776127993528761051e-01 1.880601420912773847e+02
6.776127993528761051e-01 1.995973386352708872e+02
6.345250117407990054e-01 1.848037820569343239e+02
6.345250117407990054e-01 1.966425021759272340e+02
5.596376122386470531e-01 1.638139597219492316e+02
6.345250117407990054e-01 1.925449694230701994e+02
6.345250117407990054e-01 1.877011946290938340e+02
5.596376122386470531e-01 1.676043589778759326e+02
6.345250117407990054e-01 1.828795194044153050e+02
5.596376122386470531e-01 1.646477557258246520e+02
6.776127993528761051e-01 1.987712444097887783e+02
6.776127993528761051e-01 1.954315150531366783e+02
6.776127993528761051e-01 1.984201468164180540e+02
7.272727272727270709e-01 1.884240816502814369e+02
7.272727272727270709e-01 1.874327169185518756e+02
7.272727272727270709e-01 1.921092216241658548e+02
7.272727272727270709e-01 1.951474826475389932e+02
7.272727272727270709e-01 1.982944226008445980e+02
7.272727272727270709e-01 1.962000566712712271e+02
7.272727272727270709e-01 1.992949146291994111e+02
6.776127993528761051e-01 1.987519530697706784e+02
6.776127993528761051e-01 1.963311458105120550e+02
6.345250117407990054e-01 1.857426118645047382e+02
5.596376122386470531e-01 1.694914627466598631e+02
5.596376122386470531e-01 1.662627629998100076e+02
5.596376122386470531e-01 1.963811800451285876e+02
5.596376122386470531e-01 1.778114663535111504e+02
5.596376122386470531e-01 1.763267442649653844e+02
5.596376122386470531e-01 1.851006972742914058e+02
5.247142402532050109e-01 1.927743264143264241e+02
5.596376122386470531e-01 1.791570103956806292e+02
5.596376122386470531e-01 1.985381587457107742e+02
5.247142402532050109e-01 1.950194299650260632e+02
5.596376122386470531e-01 1.722548932053285853e+02
5.596376122386470531e-01 1.837395864059106998e+02
5.596376122386470531e-01 1.860580445623290302e+02
5.247142402532050109e-01 1.906895221406628025e+02
5.247142402532050109e-01 1.940834356925053044e+02
5.247142402532050109e-01 1.902122725426418697e+02
5.247142402532050109e-01 1.999633987579053382e+02
4.123186902188100134e-01 1.754337850045167215e+02
5.596376122386470531e-01 1.642478641574074345e+02
5.596376122386470531e-01 1.656990391335964432e+02
5.596376122386470531e-01 1.984758990874933033e+02
5.596376122386470531e-01 1.651932481153720005e+02
6.345250117407990054e-01 1.881479706215704937e+02
6.776127993528761051e-01 1.957206187183409156e+02
6.776127993528761051e-01 1.848553353659338825e+02
6.776127993528761051e-01 1.835374183099992251e+02
5.596376122386470531e-01 1.654568332431463773e+02
6.776127993528761051e-01 1.951267102674523244e+02
6.776127993528761051e-01 1.990595947864240429e+02
6.345250117407990054e-01 1.827280916226997647e+02
6.345250117407990054e-01 1.954673236403906174e+02
6.776127993528761051e-01 1.985767531091863702e+02
6.776127993528761051e-01 1.936749548381675936e+02
7.272727272727270709e-01 1.889638656807196071e+02
6.776127993528761051e-01 1.826422771163134655e+02
7.272727272727270709e-01 1.972920456293147708e+02
7.272727272727270709e-01 1.947813816207099649e+02
7.272727272727270709e-01 1.899773619233268391e+02
7.272727272727270709e-01 1.851562626537334211e+02
6.776127993528761051e-01 1.825504077357231836e+02
7.272727272727270709e-01 1.923776739019637603e+02
6.776127993528761051e-01 1.842550420934657609e+02
6.776127993528761051e-01 1.814866870057904293e+02
6.776127993528761051e-01 1.846592807666841338e+02
7.272727272727270709e-01 1.917192268746335913e+02
6.776127993528761051e-01 1.851483725780081784e+02
6.776127993528761051e-01 1.867142756509252308e+02
6.776127993528761051e-01 1.885896987691492654e+02
6.776127993528761051e-01 1.982624265644955130e+02
6.776127993528761051e-01 1.930843027841019079e+02
6.776127993528761051e-01 1.828630304883486701e+02
7.272727272727270709e-01 1.944153576615412931e+02
7.272727272727270709e-01 1.874937477163348376e+02
7.272727272727270709e-01 1.802086634287384186e+02
7.272727272727270709e-01 1.858143094852766239e+02
7.272727272727270709e-01 1.959831606705594140e+02
7.272727272727270709e-01 1.831286746846925837e+02
7.272727272727270709e-01 1.895763307493539855e+02
7.272727272727270709e-01 1.927247443103247804e+02
7.272727272727270709e-01 1.843125292489098683e+02
6.776127993528761051e-01 1.939808094506223028e+02
7.272727272727270709e-01 1.926591557738469760e+02
7.272727272727270709e-01 1.829275471269580180e+02
6.776127993528761051e-01 1.839794164766791482e+02
7.272727272727270709e-01 1.990480421604071921e+02
7.272727272727270709e-01 1.961404049536702132e+02
7.272727272727270709e-01 1.990359172271841715e+02
6.776127993528761051e-01 1.839281867797093639e+02
7.272727272727270709e-01 1.952532854210402888e+02
7.272727272727270709e-01 1.934678083656834815e+02
7.272727272727270709e-01 1.990687818495773342e+02
6.776127993528761051e-01 1.885646462112978270e+02
6.776127993528761051e-01 1.980330166006143600e+02
6.776127993528761051e-01 1.956589632096709579e+02
5.596376122386470531e-01 1.641668915879442352e+02
6.345250117407990054e-01 1.832594219911899529e+02
6.345250117407990054e-01 1.923091011744476191e+02
5.596376122386470531e-01 1.649783158202594677e+02
5.596376122386470531e-01 1.989750435161949440e+02
6.776127993528761051e-01 1.979850761842470206e+02
6.776127993528761051e-01 1.964336683338786997e+02
6.776127993528761051e-01 1.890674982506859578e+02
6.776127993528761051e-01 1.872165503427464728e+02
5.596376122386470531e-01 1.668448429304501133e+02
5.596376122386470531e-01 1.805062995072310059e+02
6.345250117407990054e-01 1.883624717547879186e+02
5.596376122386470531e-01 1.774000603929857789e+02
5.596376122386470531e-01 1.641435344738987681e+02
5.596376122386470531e-01 1.642412239076972185e+02
6.345250117407990054e-01 1.886776085436061408e+02
6.345250117407990054e-01 1.873057255067716369e+02
6.345250117407990054e-01 1.833020474310709744e+02
6.345250117407990054e-01 1.902105976363799300e+02
6.345250117407990054e-01 1.915229614657608579e+02
6.776127993528761051e-01 1.986921671563197265e+02
6.345250117407990054e-01 1.925866362773029437e+02
6.345250117407990054e-01 1.928106691053193344e+02
6.345250117407990054e-01 1.831892592592592734e+02
5.596376122386470531e-01 1.677447744774477485e+02
6.345250117407990054e-01 1.874019240930681462e+02
5.596376122386470531e-01 1.683613726775388955e+02
5.596376122386470531e-01 1.641965020576131735e+02
6.776127993528761051e-01 1.911669007424207223e+02
6.345250117407990054e-01 1.849879910294928891e+02
6.345250117407990054e-01 1.864052589218320577e+02
6.345250117407990054e-01 1.955880489088082754e+02
5.596376122386470531e-01 1.731038105120976525e+02
5.596376122386470531e-01 1.869077322936972223e+02
5.596376122386470531e-01 1.860792341534752552e+02
5.596376122386470531e-01 1.661909814512623598e+02
5.596376122386470531e-01 1.773504404752283108e+02
5.596376122386470531e-01 1.902492480838265010e+02
5.596376122386470531e-01 1.792678318768206509e+02
5.596376122386470531e-01 1.700758422939068168e+02
5.596376122386470531e-01 1.874050088776749874e+02
5.596376122386470531e-01 1.703719556132007540e+02
6.345250117407990054e-01 1.846289634571181750e+02
6.776127993528761051e-01 1.933451681430308895e+02
6.776127993528761051e-01 1.996003638726445786e+02
7.272727272727270709e-01 1.968285367334547686e+02
7.272727272727270709e-01 1.937498937769269673e+02
7.272727272727270709e-01 1.954090449232120648e+02
6.776127993528761051e-01 1.828839744079936906e+02
6.776127993528761051e-01 1.915298016984962430e+02
6.776127993528761051e-01 1.847328760575247202e+02
7.272727272727270709e-01 1.990617398338113162e+02
6.776127993528761051e-01 1.880428628703357958e+02
6.776127993528761051e-01 1.905771051261011451e+02
6.776127993528761051e-01 1.834122976847031055e+02
6.345250117407990054e-01 1.845140588716304819e+02
4.123186902188100134e-01 1.892784756719972847e+02
5.596376122386470531e-01 1.722863078448951057e+02
6.345250117407990054e-01 1.893768280533392385e+02
6.776127993528761051e-01 1.904096849454192295e+02
6.345250117407990054e-01 1.837872648673910589e+02
6.776127993528761051e-01 1.977076720708727748e+02
6.345250117407990054e-01 1.837011434476781062e+02
6.776127993528761051e-01 1.824265128516494769e+02
6.776127993528761051e-01 1.829469238447704811e+02
6.776127993528761051e-01 1.901543638906786100e+02
6.776127993528761051e-01 1.860754137940284920e+02
6.776127993528761051e-01 1.965358693108236707e+02
6.776127993528761051e-01 1.976582715924244837e+02
6.776127993528761051e-01 1.872253836587767637e+02
6.345250117407990054e-01 1.924610096683281029e+02
6.776127993528761051e-01 1.969378075035091911e+02
6.776127993528761051e-01 1.951110866238138897e+02
6.776127993528761051e-01 1.990595947864240429e+02
5.596376122386470531e-01 1.637270679259323458e+02
6.345250117407990054e-01 1.835733059367901205e+02
6.776127993528761051e-01 1.961053274294110906e+02
6.776127993528761051e-01 1.969063630946780847e+02
6.776127993528761051e-01 1.861511347460586023e+02
6.776127993528761051e-01 1.857201045968959079e+02
5.596376122386470531e-01 1.728638828377891912e+02
4.123186902188100134e-01 1.864987801800286036e+02
5.596376122386470531e-01 1.668779266477195620e+02
5.596376122386470531e-01 1.816859903381642312e+02
5.596376122386470531e-01 1.657849376823123748e+02
5.596376122386470531e-01 1.633514829570606253e+02
5.596376122386470531e-01 1.828244321669736223e+02
1.216394887615680070e-01 1.991016192071468254e+02
4.123186902188100134e-01 1.769043036806276632e+02
5.247142402532050109e-01 1.868517749792820268e+02
4.123186902188100134e-01 1.754346987538223175e+02
5.247142402532050109e-01 1.888004557216235924e+02
5.596376122386470531e-01 1.773852705146133530e+02
5.596376122386470531e-01 1.893013845658473713e+02
5.247142402532050109e-01 1.849354120919338129e+02
5.596376122386470531e-01 1.998180133028023135e+02
5.247142402532050109e-01 1.969152296214499529e+02
5.247142402532050109e-01 1.982641337444292162e+02
4.123186902188100134e-01 1.611683778307211696e+02
6.345250117407990054e-01 1.874476029251577245e+02
6.776127993528761051e-01 1.974039006711578850e+02
6.776127993528761051e-01 1.889168815479972636e+02
6.776127993528761051e-01 1.862678535777113211e+02
7.272727272727270709e-01 1.957836296639311513e+02
6.776127993528761051e-01 1.890303824920692932e+02
6.776127993528761051e-01 1.875777722867418902e+02
6.776127993528761051e-01 1.916296063083942158e+02
5.596376122386470531e-01 1.744785591625451389e+02
6.345250117407990054e-01 1.879845533251123584e+02
6.345250117407990054e-01 1.953992502860750733e+02
6.345250117407990054e-01 1.874423657518552773e+02
6.776127993528761051e-01 1.843984216867595762e+02
7.272727272727270709e-01 1.960676807424445087e+02
7.272727272727270709e-01 1.997851488283723711e+02
7.272727272727270709e-01 1.951191469752438366e+02
7.272727272727270709e-01 1.907389163273538202e+02
7.272727272727270709e-01 1.941749778844938703e+02
7.272727272727270709e-01 1.995018442980575060e+02
6.776127993528761051e-01 1.944383654703488276e+02
6.776127993528761051e-01 1.927174303984329526e+02
6.776127993528761051e-01 1.865469491966962039e+02
6.776127993528761051e-01 1.852340348926481965e+02
7.272727272727270709e-01 1.955819088769452208e+02
5.596376122386470531e-01 1.659745841650033356e+02
6.345250117407990054e-01 1.872098484049101330e+02
6.776127993528761051e-01 1.948702378853120365e+02
6.345250117407990054e-01 1.858340734962863223e+02
6.776127993528761051e-01 1.900498212813384384e+02
6.345250117407990054e-01 1.956588003037686860e+02
6.776127993528761051e-01 1.981421841498068375e+02
6.345250117407990054e-01 1.976433492668988947e+02
6.345250117407990054e-01 1.923270556422760933e+02
6.345250117407990054e-01 1.981376283794946289e+02
5.596376122386470531e-01 1.644486285672930705e+02
6.345250117407990054e-01 1.907627974151498904e+02
6.345250117407990054e-01 1.920420449404313104e+02
6.345250117407990054e-01 1.877378178904904189e+02
6.776127993528761051e-01 1.961400147749917835e+02
6.776127993528761051e-01 1.979750216931607270e+02
6.776127993528761051e-01 1.954076382029392107e+02
6.776127993528761051e-01 1.864590868954142024e+02
6.776127993528761051e-01 1.844489305028147896e+02
6.776127993528761051e-01 1.954359852251128871e+02
6.345250117407990054e-01 1.912472688170118431e+02
6.345250117407990054e-01 1.998292824968604577e+02
5.596376122386470531e-01 1.721566290124612522e+02
5.247142402532050109e-01 1.869985049568517184e+02
5.596376122386470531e-01 1.634278065834585902e+02
6.345250117407990054e-01 1.916439032071807276e+02
5.596376122386470531e-01 1.651624737945492711e+02
6.345250117407990054e-01 1.902102880658435993e+02
6.345250117407990054e-01 1.961398282629051835e+02
5.596376122386470531e-01 1.815795004306632165e+02
5.596376122386470531e-01 1.725340212352325580e+02
5.596376122386470531e-01 1.870934301135306157e+02
6.345250117407990054e-01 1.901922860759549394e+02
6.345250117407990054e-01 1.978141510394396505e+02
6.776127993528761051e-01 1.944524281857615051e+02
6.345250117407990054e-01 1.907366544406718276e+02
5.596376122386470531e-01 1.667391604842280231e+02
5.596376122386470531e-01 1.725732794354287591e+02
5.596376122386470531e-01 1.806491546064742693e+02
6.776127993528761051e-01 1.852792666772638199e+02
7.272727272727270709e-01 1.898967808930425747e+02
7.272727272727270709e-01 1.875827202308150561e+02
6.776127993528761051e-01 1.844847734287240542e+02
6.776127993528761051e-01 1.819731035653343270e+02
7.272727272727270709e-01 1.895309385945054430e+02
7.272727272727270709e-01 1.885243238842223832e+02
6.776127993528761051e-01 1.838328312060012877e+02
7.272727272727270709e-01 1.959135245350197181e+02
6.776127993528761051e-01 1.865271749907202548e+02
7.272727272727270709e-01 1.998424925110786603e+02
7.272727272727270709e-01 1.978295147175047646e+02
6.776127993528761051e-01 1.871304086528629398e+02
5.596376122386470531e-01 1.929888553865854703e+02
5.596376122386470531e-01 1.695479532999942194e+02
5.596376122386470531e-01 1.896263446206831986e+02
5.247142402532050109e-01 1.863447609489759600e+02
5.596376122386470531e-01 1.958355941866545891e+02
4.123186902188100134e-01 1.637837078441775702e+02
5.247142402532050109e-01 1.943911001577090474e+02
4.123186902188100134e-01 1.654850317845963161e+02
5.247142402532050109e-01 1.970100081541564805e+02
5.247142402532050109e-01 1.848663741727907563e+02
6.776127993528761051e-01 1.957203911854266494e+02
6.345250117407990054e-01 1.825193675439290928e+02
7.272727272727270709e-01 1.993729880019628240e+02
6.776127993528761051e-01 1.890438538482007402e+02
6.345250117407990054e-01 1.853795162955820786e+02
6.776127993528761051e-01 1.952308741326492054e+02
6.776127993528761051e-01 1.966535612774254105e+02
7.272727272727270709e-01 1.931954952806449910e+02
6.776127993528761051e-01 1.817036885950704175e+02
6.776127993528761051e-01 1.862209907911541222e+02
7.272727272727270709e-01 1.915872464924529481e+02
7.272727272727270709e-01 1.940662217560204681e+02
7.272727272727270709e-01 1.810973957230573888e+02
7.272727272727270709e-01 1.858523744631076511e+02
7.272727272727270709e-01 1.794131688969805225e+02
7.272727272727270709e-01 1.890720639226812807e+02
7.272727272727270709e-01 1.929873597124741309e+02
7.272727272727270709e-01 1.852786315470784189e+02
7.272727272727270709e-01 1.846198969195732786e+02
7.272727272727270709e-01 1.798428339887675804e+02
6.776127993528761051e-01 1.899197090462392339e+02
7.272727272727270709e-01 1.833420944553697893e+02
7.527267830692581096e-01 1.993606858246800186e+02
7.272727272727270709e-01 1.819724936101777644e+02
7.272727272727270709e-01 1.827222861794290338e+02
7.272727272727270709e-01 1.805766626433629369e+02
7.527267830692581096e-01 1.963413114352718480e+02
7.272727272727270709e-01 1.832105954055321035e+02
7.272727272727270709e-01 1.982185197308601516e+02
7.272727272727270709e-01 1.935303268264420069e+02
7.272727272727270709e-01 1.990636150291131230e+02
6.776127993528761051e-01 1.932312955681948381e+02
6.776127993528761051e-01 1.953310573498710596e+02
6.345250117407990054e-01 1.857081589339480843e+02
6.345250117407990054e-01 1.900411044163605538e+02
5.596376122386470531e-01 1.883094827325282097e+02
5.596376122386470531e-01 1.721454379778930956e+02
5.596376122386470531e-01 1.700390973938891648e+02
6.345250117407990054e-01 1.901407040340637877e+02
6.776127993528761051e-01 1.943339012544130924e+02
6.776127993528761051e-01 1.946217401324530840e+02
6.345250117407990054e-01 1.868387336885766103e+02
5.596376122386470531e-01 1.645845804988662167e+02
6.776127993528761051e-01 1.994983923038237776e+02
6.345250117407990054e-01 1.873322879704573438e+02
6.776127993528761051e-01 1.978755388393154817e+02
7.527267830692581096e-01 1.952415761974099553e+02
7.527267830692581096e-01 1.966271515224785276e+02
7.527267830692581096e-01 1.992453230472517021e+02
7.527267830692581096e-01 1.969708724288615826e+02
7.272727272727270709e-01 1.835860973185344278e+02
7.527267830692581096e-01 1.984205714515563841e+02
7.527267830692581096e-01 1.969823994060619725e+02
7.527267830692581096e-01 1.990606048301352757e+02
7.272727272727270709e-01 1.850562286315632150e+02
7.527267830692581096e-01 1.933821495976078779e+02
7.272727272727270709e-01 1.891429684688289399e+02
6.776127993528761051e-01 1.977881937988284164e+02
6.345250117407990054e-01 1.979011996383065650e+02
5.247142402532050109e-01 1.944098394445469467e+02
5.596376122386470531e-01 1.683703559467248283e+02
5.596376122386470531e-01 1.749520697167756111e+02
6.345250117407990054e-01 1.847205947602838307e+02
7.272727272727270709e-01 1.998181014960834432e+02
7.272727272727270709e-01 1.879037373164429141e+02
7.272727272727270709e-01 1.837061247008611815e+02
7.272727272727270709e-01 1.991018273957807594e+02
6.776127993528761051e-01 1.891456658935975952e+02
6.776127993528761051e-01 1.998990020220468296e+02
6.776127993528761051e-01 1.950283792460329551e+02
6.776127993528761051e-01 1.896075008137675582e+02
6.345250117407990054e-01 1.833306222553649718e+02
6.776127993528761051e-01 1.914255605110055853e+02
6.345250117407990054e-01 1.832872456627622455e+02
6.776127993528761051e-01 1.876020873673080018e+02
7.272727272727270709e-01 1.922422705111920891e+02
6.776127993528761051e-01 1.818799162271533874e+02
7.272727272727270709e-01 1.950665367059851292e+02
7.272727272727270709e-01 1.988301780275758688e+02
6.776127993528761051e-01 1.858963251321242751e+02
7.272727272727270709e-01 1.999353944656970157e+02
6.776127993528761051e-01 1.850212112960863919e+02
6.776127993528761051e-01 1.908171254879928824e+02
6.776127993528761051e-01 1.912742635760536984e+02
6.776127993528761051e-01 1.924905304897159510e+02
7.272727272727270709e-01 1.937645212146137510e+02
6.776127993528761051e-01 1.836018222595440648e+02
6.776127993528761051e-01 1.878859382378773262e+02
7.272727272727270709e-01 1.996739763712613183e+02
6.345250117407990054e-01 1.831610623564215814e+02
6.345250117407990054e-01 1.924380454149133755e+02
6.345250117407990054e-01 1.998213459208822655e+02
5.596376122386470531e-01 1.681288774002954369e+02
6.345250117407990054e-01 1.917041239821381851e+02
6.345250117407990054e-01 1.954901017283950750e+02
5.596376122386470531e-01 1.641154290605606718e+02
5.596376122386470531e-01 1.813147147147147109e+02
5.247142402532050109e-01 1.881899038645677820e+02
5.247142402532050109e-01 1.896579568363312376e+02
4.123186902188100134e-01 1.633973681329996452e+02
6.776127993528761051e-01 1.991093989600974510e+02
7.272727272727270709e-01 1.835736280577659727e+02
7.272727272727270709e-01 1.786919975000679415e+02
7.527267830692581096e-01 1.963014071510957308e+02
6.776127993528761051e-01 1.855749933059039449e+02
7.527267830692581096e-01 1.971981203455548552e+02
7.272727272727270709e-01 1.817785384912224060e+02
7.272727272727270709e-01 1.878402965358397978e+02
7.272727272727270709e-01 1.785934027777777828e+02
7.272727272727270709e-01 1.858582386465464538e+02
7.272727272727270709e-01 1.805104004951157322e+02
7.272727272727270709e-01 1.828235340936665807e+02
7.527267830692581096e-01 1.971096683792620183e+02
7.527267830692581096e-01 1.960701134605993730e+02
7.527267830692581096e-01 1.981160079409570471e+02
7.272727272727270709e-01 1.802678569301683069e+02
7.527267830692581096e-01 1.938622580858470315e+02
7.272727272727270709e-01 1.799601182799640355e+02
7.527267830692581096e-01 1.987601190659831047e+02
7.527267830692581096e-01 1.982077188250823951e+02
7.527267830692581096e-01 1.966954281735901588e+02
7.272727272727270709e-01 1.794930765628013205e+02
