6.179999999999999938e-01 1.980905928949668748e+02
6.964629197027590868e-01 1.990315363065041083e+02
6.964629197027590868e-01 1.983070824934371785e+02
6.179999999999999938e-01 1.779382285393371035e+02
6.179999999999999938e-01 1.956445857335108371e+02
6.179999999999999938e-01 1.984102894333241522e+02
5.137883834679540795e-01 1.810812399205773318e+02
5.137883834679540795e-01 1.793273269877786902e+02
5.922836287799790878e-01 1.847102617189573550e+02
3.557213930348250286e-01 1.530854179377669197e+02
5.922836287799790878e-01 1.933851396162554011e+02
6.179999999999999938e-01 1.857365363069697821e+02
6.964629197027590868e-01 1.770571895200582162e+02
6.964629197027590868e-01 1.945887461947211818e+02
6.179999999999999938e-01 1.862010176548022855e+02
6.179999999999999938e-01 1.725181381421365927e+02
6.964629197027590868e-01 1.980785251477179827e+02
6.964629197027590868e-01 1.859530886382020753e+02
6.964629197027590868e-01 1.891186535512482294e+02
6.964629197027590868e-01 1.785709302663578910e+02
6.964629197027590868e-01 1.729162653500424653e+02
6.179999999999999938e-01 1.748715667721910449e+02
6.964629197027590868e-01 1.903791767105831241e+02
6.179999999999999938e-01 1.810848426629009964e+02
6.179999999999999938e-01 1.915611549087963397e+02
5.922836287799790878e-01 1.875279405768480103e+02
5.922836287799790878e-01 1.927884759802471422e+02
6.964629197027590868e-01 1.898478394707460097e+02
5.922836287799790878e-01 1.773624296962879612e+02
6.179999999999999938e-01 1.878604634905686339e+02
5.922836287799790878e-01 1.751295149939573434e+02
5.922836287799790878e-01 1.792231735409639555e+02
6.964629197027590868e-01 1.992545488082034808e+02
6.179999999999999938e-01 1.800920952461951003e+02
6.964629197027590868e-01 1.916764153873517103e+02
6.179999999999999938e-01 1.774844295968943868e+02
6.179999999999999938e-01 1.889740631807355271e+02
5.922836287799790878e-01 1.771214842708170920e+02
5.137883834679540795e-01 1.706154671692919180e+02
5.137883834679540795e-01 1.729325231198685060e+02
5.137883834679540795e-01 1.852276673661301345e+02
5.922836287799790878e-01 1.837271748785789498e+02
6.179999999999999938e-01 1.928428067218036972e+02
5.922836287799790878e-01 1.873557837544145457e+02
6.179999999999999938e-01 1.940517571884984136e+02
5.137883834679540795e-01 1.807546527501459650e+02
4.756511891279720516e-01 1.784594654115894912e+02
4.756511891279720516e-01 1.831883345436968966e+02
6.179999999999999938e-01 1.852321121831185167e+02
6.964629197027590868e-01 1.914869751745940221e+02
6.964629197027590868e-01 1.698396255092348497e+02
6.964629197027590868e-01 1.807196352855518171e+02
6.964629197027590868e-01 1.953535733122362785e+02
7.523974539996161059e-01 1.904312734962406068e+02
7.523974539996161059e-01 1.958197168447081822e+02
6.179999999999999938e-01 1.754096729853464467e+02
6.964629197027590868e-01 1.900837483696687116e+02
5.922836287799790878e-01 1.716808894230769056e+02
7.523974539996161059e-01 1.919034750185872156e+02
6.179999999999999938e-01 1.950681937439221656e+02
6.179999999999999938e-01 1.885001884684323841e+02
5.922836287799790878e-01 1.858095486549131579e+02
5.922836287799790878e-01 1.861707977761557515e+02
6.179999999999999938e-01 1.860009396667974215e+02
6.179999999999999938e-01 1.820920133745291309e+02
7.523974539996161059e-01 1.987002982506566582e+02
6.964629197027590868e-01 1.771931238970691993e+02
6.964629197027590868e-01 1.951999868328651928e+02
7.523974539996161059e-01 1.840956722319859296e+02
6.964629197027590868e-01 1.670370882056968185e+02
6.964629197027590868e-01 1.667626098802910519e+02
6.964629197027590868e-01 1.851261431604599750e+02
6.179999999999999938e-01 1.870236594460227195e+02
7.523974539996161059e-01 1.963568045862412532e+02
6.964629197027590868e-01 1.877328070554291344e+02
6.179999999999999938e-01 1.900117067159580984e+02
5.137883834679540795e-01 1.703431958691461716e+02
5.922836287799790878e-01 1.762921806198417585e+02
5.137883834679540795e-01 1.995148266481351129e+02
5.922836287799790878e-01 1.922679162172695442e+02
5.922836287799790878e-01 1.917764152880672555e+02
5.922836287799790878e-01 1.763187589261146968e+02
6.964629197027590868e-01 1.941833738107035856e+02
6.179999999999999938e-01 1.861834130869293062e+02
6.179999999999999938e-01 1.943922290631258818e+02
5.137883834679540795e-01 1.804901759596777993e+02
5.137883834679540795e-01 1.775061013760364119e+02
3.557213930348250286e-01 1.501061246530897506e+02
6.964629197027590868e-01 1.863066955205991633e+02
6.964629197027590868e-01 1.796971443949031197e+02
6.964629197027590868e-01 1.671674008062055350e+02
6.964629197027590868e-01 1.936464138097944385e+02
5.922836287799790878e-01 1.740337254037539196e+02
7.523974539996161059e-01 1.874142759562841434e+02
7.523974539996161059e-01 1.983969355044754934e+02
6.964629197027590868e-01 1.683044637872930025e+02
7.523974539996161059e-01 1.966310156999709875e+02
5.137883834679540795e-01 1.747695380671902399e+02
7.523974539996161059e-01 1.936474514563106766e+02
6.964629197027590868e-01 1.774041538993177198e+02
6.179999999999999938e-01 1.735242132685128240e+02
6.964629197027590868e-01 1.782449487176615435e+02
5.922836287799790878e-01 1.898046875000000000e+02
7.523974539996161059e-01 1.975419029789379692e+02
6.964629197027590868e-01 1.765589727237811530e+02
7.523974539996161059e-01 1.999808074941238090e+02
6.179999999999999938e-01 1.732823797137257600e+02
6.179999999999999938e-01 1.990276031783681105e+02
6.964629197027590868e-01 1.679575445801124260e+02
7.523974539996161059e-01 1.894044094854308753e+02
7.523974539996161059e-01 1.964659382202402469e+02
6.964629197027590868e-01 1.865743515806458674e+02
6.179999999999999938e-01 1.869634529386711961e+02
6.964629197027590868e-01 1.883929639486391636e+02
7.523974539996161059e-01 1.900058094198378171e+02
6.964629197027590868e-01 1.924106328123642697e+02
6.964629197027590868e-01 1.942054773855004726e+02
5.922836287799790878e-01 1.830563357197406731e+02
6.964629197027590868e-01 1.765478151688664639e+02
7.523974539996161059e-01 1.931533885008628033e+02
5.922836287799790878e-01 1.759218404307391097e+02
5.137883834679540795e-01 1.896108089635307579e+02
3.557213930348250286e-01 1.908796229151558919e+02
3.557213930348250286e-01 1.972083974858260831e+02
4.756511891279720516e-01 1.721977911485492996e+02
5.922836287799790878e-01 1.905545118086024559e+02
5.137883834679540795e-01 1.931380571603320391e+02
3.557213930348250286e-01 1.667618212216212612e+02
5.137883834679540795e-01 1.716206628884376642e+02
5.922836287799790878e-01 1.907229883129228938e+02
5.922836287799790878e-01 1.891333510368706641e+02
6.179999999999999938e-01 1.990801174621066139e+02
6.179999999999999938e-01 1.987208929238116752e+02
5.137883834679540795e-01 1.897861906568669497e+02
5.922836287799790878e-01 1.931642045895532078e+02
3.557213930348250286e-01 1.747739293996781953e+02
4.756511891279720516e-01 1.854960694266306973e+02
2.216216216216210233e-01 1.952386192656515220e+02
6.179999999999999938e-01 1.960051851018151581e+02
5.922836287799790878e-01 1.880937882764654319e+02
6.179999999999999938e-01 1.808735534857465268e+02
6.964629197027590868e-01 1.781671014246685445e+02
6.179999999999999938e-01 1.878242008034732748e+02
6.964629197027590868e-01 1.669337862161693238e+02
7.523974539996161059e-01 1.925658447169374199e+02
6.964629197027590868e-01 1.942529497158039078e+02
6.179999999999999938e-01 1.859586054155717534e+02
6.179999999999999938e-01 1.901080019162984058e+02
6.964629197027590868e-01 1.698128537100251378e+02
6.964629197027590868e-01 1.891848520587358564e+02
6.964629197027590868e-01 1.862890062978431729e+02
6.964629197027590868e-01 1.773329570639979238e+02
6.179999999999999938e-01 1.917871169734743830e+02
6.964629197027590868e-01 1.902143126413672007e+02
6.179999999999999938e-01 1.737820472543410801e+02
6.179999999999999938e-01 1.947800653931418537e+02
5.922836287799790878e-01 1.945169982711275054e+02
5.922836287799790878e-01 1.740557635327799630e+02
6.179999999999999938e-01 1.733383909699006153e+02
6.179999999999999938e-01 1.746015060097843730e+02
5.922836287799790878e-01 1.872430765890462965e+02
4.756511891279720516e-01 1.910813687943082755e+02
5.922836287799790878e-01 1.945748107503937376e+02
6.179999999999999938e-01 1.855268395578234220e+02
6.179999999999999938e-01 1.828927471036726615e+02
6.179999999999999938e-01 1.877167522556107428e+02
6.964629197027590868e-01 1.975774682364020691e+02
5.922836287799790878e-01 1.797249221327112991e+02
6.964629197027590868e-01 1.697226029702081860e+02
6.964629197027590868e-01 1.708239395729063972e+02
6.179999999999999938e-01 1.797124610739960815e+02
6.179999999999999938e-01 1.759268599481648323e+02
5.922836287799790878e-01 1.756063389280871547e+02
6.179999999999999938e-01 1.787974496311100836e+02
6.179999999999999938e-01 1.760259023553066129e+02
6.964629197027590868e-01 1.985747633730406108e+02
6.179999999999999938e-01 1.954547111020064847e+02
5.922836287799790878e-01 1.752355572613709569e+02
5.922836287799790878e-01 1.733387199318783587e+02
5.922836287799790878e-01 1.993262753878138369e+02
5.137883834679540795e-01 1.755753659971570642e+02
6.179999999999999938e-01 1.933280249722236874e+02
5.922836287799790878e-01 1.868860441307081715e+02
6.964629197027590868e-01 1.773405013973595032e+02
6.179999999999999938e-01 1.836274396698822216e+02
6.179999999999999938e-01 1.747845341966401804e+02
5.922836287799790878e-01 1.887614465040326195e+02
6.179999999999999938e-01 1.778664320541170127e+02
6.964629197027590868e-01 1.929849275492150298e+02
6.179999999999999938e-01 1.790660246632766643e+02
6.964629197027590868e-01 1.961994716313267304e+02
5.922836287799790878e-01 1.876531326398542774e+02
6.179999999999999938e-01 1.929555833927542778e+02
5.137883834679540795e-01 1.768787971567641648e+02
4.756511891279720516e-01 1.843264536386437271e+02
5.137883834679540795e-01 1.854120014608378710e+02
5.137883834679540795e-01 1.823503273359886521e+02
5.922836287799790878e-01 1.926285273605759585e+02
6.179999999999999938e-01 1.809797926628843641e+02
6.179999999999999938e-01 1.971812689703478725e+02
5.922836287799790878e-01 1.719397101492936315e+02
6.179999999999999938e-01 1.794151905853558731e+02
6.179999999999999938e-01 1.905004117438397202e+02
6.179999999999999938e-01 1.866945369421833050e+02
5.922836287799790878e-01 1.754620092783906955e+02
5.922836287799790878e-01 1.800044766097142315e+02
5.922836287799790878e-01 1.997353430745350238e+02
5.137883834679540795e-01 1.746243114890387176e+02
5.922836287799790878e-01 1.929062373292148891e+02
5.922836287799790878e-01 1.848334158852577787e+02
5.137883834679540795e-01 1.822048408703325322e+02
5.922836287799790878e-01 1.767974264338101875e+02
5.137883834679540795e-01 1.762918442945868946e+02
5.922836287799790878e-01 1.743605621163509625e+02
6.179999999999999938e-01 1.984885450561126277e+02
5.922836287799790878e-01 1.738924370092041727e+02
6.964629197027590868e-01 1.871352078730328685e+02
6.964629197027590868e-01 1.856481742232235206e+02
6.964629197027590868e-01 1.926628678452242411e+02
6.964629197027590868e-01 1.972202181665109890e+02
6.179999999999999938e-01 1.737528178243774732e+02
6.964629197027590868e-01 1.987990649240250889e+02
6.179999999999999938e-01 1.749534019249916810e+02
5.922836287799790878e-01 1.743348406053423787e+02
6.179999999999999938e-01 1.999279312473859136e+02
5.922836287799790878e-01 1.815691664900541866e+02
5.137883834679540795e-01 1.859789144174527280e+02
5.137883834679540795e-01 1.795217441718376961e+02
3.557213930348250286e-01 1.453811800451285876e+02
4.756511891279720516e-01 1.736953072259473458e+02
5.137883834679540795e-01 1.996489921270530772e+02
4.756511891279720516e-01 1.853577349150291411e+02
3.557213930348250286e-01 1.592170940170940128e+02
4.756511891279720516e-01 1.758481146023113411e+02
3.557213930348250286e-01 1.475381587457107742e+02
3.557213930348250286e-01 1.620234499577900635e+02
5.137883834679540795e-01 1.915055791223239225e+02
4.756511891279720516e-01 1.831800213466388527e+02
4.756511891279720516e-01 1.868894456869087719e+02
3.557213930348250286e-01 1.566111104949704327e+02
3.557213930348250286e-01 1.608534669134322712e+02
3.557213930348250286e-01 1.560145534924288313e+02
3.557213930348250286e-01 1.682033592043765111e+02
3.557213930348250286e-01 1.968590785907859129e+02
5.137883834679540795e-01 1.754920895513421897e+02
5.137883834679540795e-01 1.783943364656213362e+02
3.557213930348250286e-01 1.474758990874933033e+02
5.137883834679540795e-01 1.773827903419643803e+02
5.922836287799790878e-01 1.855780299447710036e+02
6.179999999999999938e-01 1.989511035226056208e+02
6.179999999999999938e-01 1.815669281889908007e+02
6.179999999999999938e-01 1.794582946234930034e+02
5.137883834679540795e-01 1.779099418821197958e+02
6.179999999999999938e-01 1.980008651986252062e+02
5.922836287799790878e-01 1.747450251645373669e+02
5.922836287799790878e-01 1.765450510663665682e+02
5.922836287799790878e-01 1.977767453102549666e+02
5.922836287799790878e-01 1.741012431615853302e+02
6.179999999999999938e-01 1.956780936605390480e+02
6.964629197027590868e-01 1.879448765965619828e+02
6.179999999999999938e-01 1.780260916192402760e+02
6.179999999999999938e-01 1.725499718038853416e+02
6.964629197027590868e-01 1.966710715923991870e+02
6.964629197027590868e-01 1.894651072124756297e+02
6.964629197027590868e-01 1.822335237059196800e+02
6.179999999999999938e-01 1.778791029611286945e+02
6.964629197027590868e-01 1.930655426203869638e+02
6.179999999999999938e-01 1.806064743138634583e+02
6.179999999999999938e-01 1.761771770126393051e+02
6.179999999999999938e-01 1.812532458470052461e+02
6.964629197027590868e-01 1.920778810111740995e+02
6.179999999999999938e-01 1.820357802298208867e+02
6.179999999999999938e-01 1.845411850768105069e+02
6.179999999999999938e-01 1.875418140760255881e+02
5.922836287799790878e-01 1.736821455938697341e+02
6.179999999999999938e-01 1.947330654881478438e+02
6.179999999999999938e-01 1.783792913656690757e+02
6.964629197027590868e-01 1.961220406187325693e+02
6.964629197027590868e-01 1.857397195920199806e+02
6.964629197027590868e-01 1.748121919822233679e+02
6.964629197027590868e-01 1.832205850268807694e+02
6.964629197027590868e-01 1.984737238651346729e+02
6.964629197027590868e-01 1.791921692564305317e+02
6.964629197027590868e-01 1.888635658914728879e+02
6.964629197027590868e-01 1.935861435249455553e+02
6.964629197027590868e-01 1.809679350438619281e+02
6.179999999999999938e-01 1.961674532139951168e+02
6.964629197027590868e-01 1.934877616099321926e+02
6.964629197027590868e-01 1.788904806481082232e+02
6.179999999999999938e-01 1.801654803799507931e+02
6.179999999999999938e-01 1.746571565252170330e+02
6.964629197027590868e-01 1.987095881567944957e+02
6.179999999999999938e-01 1.746426066821038603e+02
6.179999999999999938e-01 1.800835141757087854e+02
6.964629197027590868e-01 1.973789208915566178e+02
6.964629197027590868e-01 1.947007295283778774e+02
6.179999999999999938e-01 1.746820440209328353e+02
6.179999999999999938e-01 1.875017306245297277e+02
5.922836287799790878e-01 1.733762689204029925e+02
6.179999999999999938e-01 1.988524562864279801e+02
5.137883834679540795e-01 1.753301501617291080e+02
5.922836287799790878e-01 1.774305867023146561e+02
5.922836287799790878e-01 1.925131302306361363e+02
5.137883834679540795e-01 1.769529410126247626e+02
3.557213930348250286e-01 1.479750435161949440e+02
5.922836287799790878e-01 1.733123490503373318e+02
5.922836287799790878e-01 1.712438274201841750e+02
6.179999999999999938e-01 1.883062810201392949e+02
6.179999999999999938e-01 1.853448117310866792e+02
5.137883834679540795e-01 1.806858627035673521e+02
4.756511891279720516e-01 1.780069139140825314e+02
5.922836287799790878e-01 1.859355257866801310e+02
4.756511891279720516e-01 1.730370769794879493e+02
5.137883834679540795e-01 1.752834375920685943e+02
5.137883834679540795e-01 1.754788095234009120e+02
5.922836287799790878e-01 1.864607448843382826e+02
5.922836287799790878e-01 1.841743118296613204e+02
5.922836287799790878e-01 1.775016279005052411e+02
5.922836287799790878e-01 1.890156834906679251e+02
5.922836287799790878e-01 1.912029195441019453e+02
5.922836287799790878e-01 1.742551269084428895e+02
5.922836287799790878e-01 1.929756809116809109e+02
5.922836287799790878e-01 1.933490626428898054e+02
5.922836287799790878e-01 1.773136507936507940e+02
5.137883834679540795e-01 1.824856618995232793e+02
5.922836287799790878e-01 1.843346400949841950e+02
5.137883834679540795e-01 1.837188145192467346e+02
5.137883834679540795e-01 1.753893689986282425e+02
6.179999999999999938e-01 1.916652712855942298e+02
5.922836287799790878e-01 1.803114863711278701e+02
5.922836287799790878e-01 1.826735595722469156e+02
5.922836287799790878e-01 1.979779506877059134e+02
5.137883834679540795e-01 1.932033534599981408e+02
4.756511891279720516e-01 1.882489062161576783e+02
4.756511891279720516e-01 1.869233480391856972e+02
5.137883834679540795e-01 1.793781861714635966e+02
4.756511891279720516e-01 1.729576874377003719e+02
4.756511891279720516e-01 1.935951748002975421e+02
4.756511891279720516e-01 1.760254237758357476e+02
5.137883834679540795e-01 1.871476320191159175e+02
4.756511891279720516e-01 1.890445254337601000e+02
5.137883834679540795e-01 1.877398376327040523e+02
5.922836287799790878e-01 1.797131172048233054e+02
6.179999999999999938e-01 1.951504433871865558e+02
5.922836287799790878e-01 1.754660428849902587e+02
6.964629197027590868e-01 1.997417764920175784e+02
6.964629197027590868e-01 1.951238538187765812e+02
6.964629197027590868e-01 1.976125580319488222e+02
6.179999999999999938e-01 1.784128011011699755e+02
6.179999999999999938e-01 1.922459035290925726e+02
6.179999999999999938e-01 1.813709964291304573e+02
6.179999999999999938e-01 1.746735936465916552e+02
6.179999999999999938e-01 1.866668906308323983e+02
6.179999999999999938e-01 1.907216133916815295e+02
6.179999999999999938e-01 1.792581048247136266e+02
5.922836287799790878e-01 1.795216128015038919e+02
2.846805587359740319e-01 1.950384620619258271e+02
5.137883834679540795e-01 1.915684061709164041e+02
5.922836287799790878e-01 1.876260910228965884e+02
6.179999999999999938e-01 1.904537453866823569e+02
5.922836287799790878e-01 1.783103099494266530e+02
5.922836287799790878e-01 1.729424808634051374e+02
5.922836287799790878e-01 1.781667766776677695e+02
6.179999999999999938e-01 1.776808743169398781e+02
6.179999999999999938e-01 1.785135185892083882e+02
6.179999999999999938e-01 1.900452382324726273e+02
6.179999999999999938e-01 1.835190224535236041e+02
5.922836287799790878e-01 1.713800939289447740e+02
5.922836287799790878e-01 1.728766142647631909e+02
6.179999999999999938e-01 1.853589448107006490e+02
5.922836287799790878e-01 1.927663067714700844e+02
5.922836287799790878e-01 1.719160057753088608e+02
6.179999999999999938e-01 1.979758677685950374e+02
5.922836287799790878e-01 1.747450251645373669e+02
5.137883834679540795e-01 1.744505340666024722e+02
5.922836287799790878e-01 1.779537177632603289e+02
6.179999999999999938e-01 1.995666276160597192e+02
5.922836287799790878e-01 1.718740803462225983e+02
6.179999999999999938e-01 1.836401740391588078e+02
6.179999999999999938e-01 1.829505368300695238e+02
5.137883834679540795e-01 1.927235151470191568e+02
2.846805587359740319e-01 1.905911920585513428e+02
5.137883834679540795e-01 1.807520277890558020e+02
4.756511891279720516e-01 1.798943639291465502e+02
5.137883834679540795e-01 1.785661274639795124e+02
5.137883834679540795e-01 1.736993907966019606e+02
4.756511891279720516e-01 1.817158174749334876e+02
2.216216216216210233e-01 1.681471431230225448e+02
3.557213930348250286e-01 1.997999307718934006e+02
3.557213930348250286e-01 1.518139667098323002e+02
3.557213930348250286e-01 1.968609059743357079e+02
3.557213930348250286e-01 1.542497972424979764e+02
4.756511891279720516e-01 1.730134138675734903e+02
4.756511891279720516e-01 1.920786376158276880e+02
3.557213930348250286e-01 1.494185331576636031e+02
3.557213930348250286e-01 1.488180133028023135e+02
3.557213930348250286e-01 1.643931796865221031e+02
3.557213930348250286e-01 1.660792957223603992e+02
3.557213930348250286e-01 1.683300605762759119e+02
5.922836287799790878e-01 1.844107701941139510e+02
5.922836287799790878e-01 1.725374566714862112e+02
6.179999999999999938e-01 1.880652981499473810e+02
6.179999999999999938e-01 1.838269211831010352e+02
6.964629197027590868e-01 1.981744300618147463e+02
6.179999999999999938e-01 1.882468967561026432e+02
6.179999999999999938e-01 1.859227575982208975e+02
6.179999999999999938e-01 1.924055883510428941e+02
5.137883834679540795e-01 1.959527531493096149e+02
5.922836287799790878e-01 1.853056723907408241e+02
5.922836287799790878e-01 1.976632916387167711e+02
5.922836287799790878e-01 1.844020417195790742e+02
6.179999999999999938e-01 1.808358779942129786e+02
6.964629197027590868e-01 1.986005028264541465e+02
6.179999999999999938e-01 1.755416798606713087e+02
6.964629197027590868e-01 1.971777150424394449e+02
6.964629197027590868e-01 1.906074284880902212e+02
6.964629197027590868e-01 1.957614742138943029e+02
6.179999999999999938e-01 1.752017162176952070e+02
6.179999999999999938e-01 1.968995311372196966e+02
6.179999999999999938e-01 1.941460790589243857e+02
6.179999999999999938e-01 1.842734670317375958e+02
6.179999999999999938e-01 1.821728377412437396e+02
6.964629197027590868e-01 1.978718516176625712e+02
5.137883834679540795e-01 1.789454069638500755e+02
5.922836287799790878e-01 1.840145193626674995e+02
6.179999999999999938e-01 1.975905159500371724e+02
5.922836287799790878e-01 1.817215999647202409e+02
6.179999999999999938e-01 1.898779727326547686e+02
5.922836287799790878e-01 1.980958676848249524e+02
5.922836287799790878e-01 1.735218240926047315e+02
5.137883834679540795e-01 1.700535852147780815e+02
5.922836287799790878e-01 1.925430538375471201e+02
5.137883834679540795e-01 1.706714302771966913e+02
5.137883834679540795e-01 1.758936041161935577e+02
5.922836287799790878e-01 1.899360008887736626e+02
5.922836287799790878e-01 1.920680440355903897e+02
5.922836287799790878e-01 1.848944536218423593e+02
6.179999999999999938e-01 1.996221264813791549e+02
5.922836287799790878e-01 1.732989432059056298e+02
6.179999999999999938e-01 1.984503427067780876e+02
6.179999999999999938e-01 1.841328895979826825e+02
6.179999999999999938e-01 1.809166908074382150e+02
6.179999999999999938e-01 1.984956972168879474e+02
5.922836287799790878e-01 1.907434395679622696e+02
5.137883834679540795e-01 1.727859848215829857e+02
5.137883834679540795e-01 1.913090577136636057e+02
3.557213930348250286e-01 1.519973776460907402e+02
5.137883834679540795e-01 1.738520326301744774e+02
5.922836287799790878e-01 1.914044857037875715e+02
5.137883834679540795e-01 1.773212438853948356e+02
5.922836287799790878e-01 1.890151675485008695e+02
5.922836287799790878e-01 1.988975673898750642e+02
4.756511891279720516e-01 1.797239850703416550e+02
5.137883834679540795e-01 1.920638153631424245e+02
4.756511891279720516e-01 1.885460140207208894e+02
5.922836287799790878e-01 1.889851647394958150e+02
5.137883834679540795e-01 1.702670861075478967e+02
6.179999999999999938e-01 1.969220311220311146e+02
5.922836287799790878e-01 1.898924300016140023e+02
5.137883834679540795e-01 1.804745053149173941e+02
5.137883834679540795e-01 1.921423289760761577e+02
4.756511891279720516e-01 1.782354753745503899e+02
6.179999999999999938e-01 1.822452074391988504e+02
6.964629197027590868e-01 1.893442367601246019e+02
6.964629197027590868e-01 1.858731771568350837e+02
6.179999999999999938e-01 1.809740385717133506e+02
6.179999999999999938e-01 1.769554310610633365e+02
6.964629197027590868e-01 1.887954782749410469e+02
6.964629197027590868e-01 1.872855698641662059e+02
6.179999999999999938e-01 1.799309476978165208e+02
6.964629197027590868e-01 1.983692706064338438e+02
6.179999999999999938e-01 1.842418288081754838e+02
6.179999999999999938e-01 1.756104919169163168e+02
6.179999999999999938e-01 1.731949313073745316e+02
6.179999999999999938e-01 1.852069872315408361e+02
4.756511891279720516e-01 1.979784180274837979e+02
5.137883834679540795e-01 1.860918915131101130e+02
4.756511891279720516e-01 1.925985584665389752e+02
3.557213930348250286e-01 1.511802044784544989e+02
3.557213930348250286e-01 1.448355941866545891e+02
3.557213930348250286e-01 1.735603912747816082e+02
3.557213930348250286e-01 1.612380442748624318e+02
3.557213930348250286e-01 1.769628249209716842e+02
3.557213930348250286e-01 1.645116518604351654e+02
3.557213930348250286e-01 1.493322364812986791e+02
6.179999999999999938e-01 1.989507394757650900e+02
5.922836287799790878e-01 1.761971834856802275e+02
6.179999999999999938e-01 1.750470894780802098e+02
6.179999999999999938e-01 1.882684505811962481e+02
5.922836287799790878e-01 1.809640174441799161e+02
6.179999999999999938e-01 1.981675247175054437e+02
5.922836287799790878e-01 1.715370148692076100e+02
6.964629197027590868e-01 1.942922635947257959e+02
6.179999999999999938e-01 1.765243740026635635e+02
6.179999999999999938e-01 1.837519419237749503e+02
6.964629197027590868e-01 1.918799122282066492e+02
6.964629197027590868e-01 1.955983414964525764e+02
6.964629197027590868e-01 1.761452783681178005e+02
6.964629197027590868e-01 1.832776819772788599e+02
6.964629197027590868e-01 1.736189609754075605e+02
6.964629197027590868e-01 1.881071724918038228e+02
6.964629197027590868e-01 1.939800630658122316e+02
6.964629197027590868e-01 1.824170753860127263e+02
6.964629197027590868e-01 1.814289823804386970e+02
6.964629197027590868e-01 1.742634527847147865e+02
6.179999999999999938e-01 1.896697964859200738e+02
6.964629197027590868e-01 1.795122960174238642e+02
6.964629197027590868e-01 1.714505352974321681e+02
6.964629197027590868e-01 1.774579133281640395e+02
6.964629197027590868e-01 1.785825920111634559e+02
6.964629197027590868e-01 1.753641858122795725e+02
6.964629197027590868e-01 1.676763315321279606e+02
6.964629197027590868e-01 1.793150492264416584e+02
6.179999999999999938e-01 1.736617348608837972e+02
6.964629197027590868e-01 1.947945063714576293e+02
6.179999999999999938e-01 1.746758438690832804e+02
6.179999999999999938e-01 1.949682501813184672e+02
6.179999999999999938e-01 1.983278153014859413e+02
5.922836287799790878e-01 1.815117459103544775e+02
5.922836287799790878e-01 1.887331995686492121e+02
4.756511891279720516e-01 1.904916411917229198e+02
5.137883834679540795e-01 1.912866764391268362e+02
5.137883834679540795e-01 1.870741448280868724e+02
5.922836287799790878e-01 1.888991961237749138e+02
6.179999999999999938e-01 1.967323910648429433e+02
6.179999999999999938e-01 1.971929259042375406e+02
5.922836287799790878e-01 1.833960052971681876e+02
5.137883834679540795e-01 1.761654983263146619e+02
5.922836287799790878e-01 1.753300822504501753e+02
5.922836287799790878e-01 1.842185818536750332e+02
5.922836287799790878e-01 1.731663008224347777e+02
6.964629197027590868e-01 1.663016676646273595e+02
6.964629197027590868e-01 1.680336302948103082e+02
6.964629197027590868e-01 1.713063323690131767e+02
6.964629197027590868e-01 1.684632798088406105e+02
6.964629197027590868e-01 1.798782970022910490e+02
6.964629197027590868e-01 1.702753967590294337e+02
6.964629197027590868e-01 1.684776884760482289e+02
6.964629197027590868e-01 1.710754354676528806e+02
6.964629197027590868e-01 1.820834740296180314e+02
7.523974539996161059e-01 1.969695441514800507e+02
6.964629197027590868e-01 1.882135283492106907e+02
5.922836287799790878e-01 1.730498420166531446e+02
5.137883834679540795e-01 1.703758961819164597e+02
3.557213930348250286e-01 1.612614681872809115e+02
5.137883834679540795e-01 1.837367804197775456e+02
5.137883834679540795e-01 1.968997406369955456e+02
5.922836287799790878e-01 1.798658334603464937e+02
6.179999999999999938e-01 1.755812228533244195e+02
6.964629197027590868e-01 1.863546984307052412e+02
6.964629197027590868e-01 1.800583364476191548e+02
6.179999999999999938e-01 1.747216984671888440e+02
6.179999999999999938e-01 1.884313472485768557e+02
5.922836287799790878e-01 1.758642228165155643e+02
6.179999999999999938e-01 1.978435380805332215e+02
6.179999999999999938e-01 1.891702713030187226e+02
5.922836287799790878e-01 1.775492518021376895e+02
6.179999999999999938e-01 1.920791202965208981e+02
5.922836287799790878e-01 1.774769587039192231e+02
6.179999999999999938e-01 1.859616611049314088e+02
6.964629197027590868e-01 1.928624393709658023e+02
6.179999999999999938e-01 1.768063337045317667e+02
6.964629197027590868e-01 1.970988003522055578e+02
6.179999999999999938e-01 1.743957209449640970e+02
6.179999999999999938e-01 1.832324851771518865e+02
6.179999999999999938e-01 1.757219736743613794e+02
6.179999999999999938e-01 1.818323254326585072e+02
6.179999999999999938e-01 1.911056398288603759e+02
6.179999999999999938e-01 1.918370490721142119e+02
6.179999999999999938e-01 1.937830450110876370e+02
6.964629197027590868e-01 1.951457947768867029e+02
6.179999999999999938e-01 1.795613392947409750e+02
6.179999999999999938e-01 1.864158152344215296e+02
6.179999999999999938e-01 1.754082736158926537e+02
5.922836287799790878e-01 1.772666567504585942e+02
5.922836287799790878e-01 1.927280336631411046e+02
5.137883834679540795e-01 1.727760641630811733e+02
5.137883834679540795e-01 1.832538404726735735e+02
5.922836287799790878e-01 1.915048519644264218e+02
5.922836287799790878e-01 1.978147081481481280e+02
5.137883834679540795e-01 1.752272287609672503e+02
4.756511891279720516e-01 1.793003403403403695e+02
3.557213930348250286e-01 1.534866138113294483e+02
3.557213930348250286e-01 1.553216646611136298e+02
3.557213930348250286e-01 1.727877605012161268e+02
5.922836287799790878e-01 1.748114300177105065e+02
6.964629197027590868e-01 1.798595932802829225e+02
6.964629197027590868e-01 1.725372136626722295e+02
6.964629197027590868e-01 1.676264513648596903e+02
6.179999999999999938e-01 1.827183624777151749e+02
6.964629197027590868e-01 1.687473386343542643e+02
6.964629197027590868e-01 1.771669832807170053e+02
6.964629197027590868e-01 1.862595381203697684e+02
6.964629197027590868e-01 1.723893229166666856e+02
6.964629197027590868e-01 1.832864781728898720e+02
6.964629197027590868e-01 1.752647934887496604e+02
6.964629197027590868e-01 1.787344625090997283e+02
6.964629197027590868e-01 1.686367740931029289e+02
6.964629197027590868e-01 1.673373353411479911e+02
6.964629197027590868e-01 1.698946938052948212e+02
6.964629197027590868e-01 1.749009814314129585e+02
7.523974539996161059e-01 1.977697195379882658e+02
6.964629197027590868e-01 1.744393776305572885e+02
6.964629197027590868e-01 1.706998296777707651e+02
6.964629197027590868e-01 1.700093319784870687e+02
6.964629197027590868e-01 1.681189757871122481e+02
6.964629197027590868e-01 1.737388213901975291e+02
